%YAML:1.0
---
output_size: [ 564, 564 ]
start_point_0: [ 246, 18 ]
start_point_1: [ 357, 18 ]
start_point_2: [ 246, 440 ]
start_point_3: [ 18, 18 ]
